Year,Month,Day,Hour,Temp,Feelslike,Humidity,WindSpeed,CloudCover,WeeakDay,Daylight,Load
2018,1,1,0,9.199999809265137,-5.400000095367432,55.54999923706055,11.300000190734863,4.400000095367432,0,False,5693.977973632813
2018,1,1,1,9.199999809265137,-5.599999904632568,55.970001220703125,11.600000381469727,0.0,0,False,5422.83794921875
2018,1,1,2,9.100000381469727,-6.0,55.90999984741211,12.0,0.0,0,False,5229.923994140625
2018,1,1,3,8.300000190734863,-6.199999809265137,58.0,10.699999809265137,0.0,0,False,5168.304985351562
2018,1,1,4,8.100000381469727,-5.599999904632568,56.099998474121094,9.699999809265137,0.0,0,False,5161.940009765625
2018,1,1,5,8.100000381469727,-7.300000190734863,56.529998779296875,12.100000381469727,0.0,0,False,5168.1730126953125
2018,1,1,6,7.300000190734863,-6.400000095367432,58.66999816894531,9.300000190734863,0.0,0,False,5313.853037109375
2018,1,1,17,18.200000762939453,6.800000190734863,35.36000061035156,9.800000190734863,10.5,0,False,6924.281997070312
2018,1,1,18,18.200000762939453,6.099999904632568,34.43000030517578,10.800000190734863,10.5,0,False,6965.797963867188
2018,1,1,19,17.299999237060547,8.0,38.54999923706055,6.699999809265137,10.5,0,False,6924.49994140625
2018,1,1,20,17.299999237060547,6.099999904632568,38.84000015258789,9.100000381469727,10.5,0,False,6823.31599609375
2018,1,1,21,17.100000381469727,7.400000095367432,42.11000061035156,7.199999809265137,10.5,0,False,6666.967963867188
2018,1,1,22,17.100000381469727,4.199999809265137,46.75,11.800000190734863,10.5,0,False,6407.168896484375
2018,1,1,23,16.0,2.200000047683716,54.0,12.699999809265137,10.5,0,False,6055.997919921875
